 SMPL    1952.1   2029.4 ;
 LOAD AG1      ;
   0.00000000000E+00  0.00000000000E+00  0.37320968000E+00  0.37429111000E+00
   0.37536790000E+00  0.37643996000E+00  0.37734099000E+00  0.37807159000E+00
   0.37879842000E+00  0.37952144000E+00  0.38002065000E+00  0.38029766000E+00
   0.38057326000E+00  0.38084741000E+00  0.38102753000E+00  0.38111426000E+00
   0.38120056000E+00  0.38128638000E+00  0.38114964000E+00  0.38079226000E+00
   0.38043691000E+00  0.38008348000E+00  0.37932509000E+00  0.37816522000E+00
   0.37701193000E+00  0.37586515000E+00  0.37398085000E+00  0.37136857000E+00
   0.36877522000E+00  0.36620067000E+00  0.36378293000E+00  0.36151898000E+00
   0.35926936000E+00  0.35703401000E+00  0.35494081000E+00  0.35298862000E+00
   0.35104891000E+00  0.34912161000E+00  0.34719845000E+00  0.34527873000E+00
   0.34337048000E+00  0.34147352000E+00  0.33821947000E+00  0.33363279000E+00
   0.32908943000E+00  0.32458880000E+00  0.32056471000E+00  0.31700798000E+00
   0.31348106000E+00  0.30998351000E+00  0.30654374000E+00  0.30316069000E+00
   0.29980506000E+00  0.29647656000E+00  0.29329470000E+00  0.29025764000E+00
   0.28724460000E+00  0.28425534000E+00  0.28137597000E+00  0.27860619000E+00
   0.27585948000E+00  0.27313554000E+00  0.27064096000E+00  0.26837301000E+00
   0.26612376000E+00  0.26389309000E+00  0.26218899000E+00  0.26100504000E+00
   0.25983085000E+00  0.25866625000E+00  0.25708746000E+00  0.25510126000E+00
   0.25313326000E+00  0.25118325000E+00  0.24907483000E+00  0.24681094000E+00
   0.24456854000E+00  0.24234748000E+00  0.24003213000E+00  0.23762395000E+00
   0.23523837000E+00  0.23287502000E+00  0.23213697000E+00  0.23300151000E+00
   0.23385773000E+00  0.23470576000E+00  0.23504446000E+00  0.23488099000E+00
   0.23471906000E+00  0.23455870000E+00  0.23433395000E+00  0.23404581000E+00
   0.23376039000E+00  0.23347768000E+00  0.23313638000E+00  0.23273726000E+00
   0.23234187000E+00  0.23195017000E+00  0.23175988000E+00  0.23176819000E+00
   0.23177640000E+00  0.23178458000E+00  0.23195739000E+00  0.23229260000E+00
   0.23262476000E+00  0.23295381000E+00  0.23350552000E+00  0.23427688000E+00
   0.23504129000E+00  0.23579893000E+00  0.23677313000E+00  0.23796106000E+00
   0.23913857000E+00  0.23977064000E+00  0.24074104000E+00  0.24249894000E+00
   0.24417369000E+00  0.24578421000E+00  0.24738076000E+00  0.24967993000E+00
   0.25201673000E+00  0.25449993000E+00  0.25630862000E+00  0.25948227000E+00
   0.26226618000E+00  0.26482632000E+00  0.26741165000E+00  0.27070115000E+00
   0.27375411000E+00  0.27647476000E+00  0.27897442000E+00  0.28196975000E+00
   0.28484746000E+00  0.28766029000E+00  0.28994708000E+00  0.29290412000E+00
   0.29568943000E+00  0.29819975000E+00  0.30030044000E+00  0.30331423000E+00
   0.30580997000E+00  0.30815854000E+00  0.31067896000E+00  0.31380047000E+00
   0.31671435000E+00  0.31938796000E+00  0.32215181000E+00  0.32557267000E+00
   0.32871800000E+00  0.33140502000E+00  0.33430156000E+00  0.33757230000E+00
   0.34062333000E+00  0.34413531000E+00  0.34713580000E+00  0.35008137000E+00
   0.35275831000E+00  0.35521421000E+00  0.35758136000E+00  0.36022059000E+00
   0.36236207000E+00  0.36414967000E+00  0.36595089000E+00  0.36788428000E+00
   0.36953055000E+00  0.37077392000E+00  0.37186069000E+00  0.37305830000E+00
   0.37422028000E+00  0.37529014000E+00  0.37628356000E+00  0.37732405000E+00
   0.37838178000E+00  0.37923734000E+00  0.38010271000E+00  0.38110952000E+00
   0.38229083000E+00  0.38314697000E+00  0.38394197000E+00  0.38490661000E+00
   0.38608005000E+00  0.38680109000E+00  0.38694819000E+00  0.38731512000E+00
   0.38736813000E+00  0.38687352000E+00  0.38608640000E+00  0.38506681000E+00
   0.38436315000E+00  0.38344985000E+00  0.38248363000E+00  0.38166859000E+00
   0.38109213000E+00  0.38133943000E+00  0.38064881000E+00  0.38000762000E+00
   0.37936745000E+00  0.37863488000E+00  0.37780712000E+00  0.37694231000E+00
   0.37617280000E+00  0.37538818000E+00  0.37415765000E+00  0.37263039000E+00
   0.37096012000E+00  0.36940402000E+00  0.36806461000E+00  0.36680102000E+00
   0.36555860000E+00  0.36445232000E+00  0.36136886000E+00  0.36048542000E+00
   0.36136886000E+00  0.36048542000E+00  0.35943491000E+00  0.35846449000E+00
   0.35765598000E+00  0.35693629000E+00  0.35624399000E+00  0.35568363000E+00
   0.35521183000E+00  0.35460829000E+00  0.35388125000E+00  0.35337349000E+00
   0.35272062000E+00  0.35206089000E+00  0.35142276000E+00  0.35074381000E+00
   0.35009662000E+00  0.34959129000E+00  0.34902545000E+00  0.34830058000E+00
   0.34765965000E+00  0.34244084000E+00  0.34132055000E+00  0.34024817000E+00
   0.33917808000E+00  0.33828355000E+00  0.33917808000E+00  0.33828355000E+00
   0.33552863000E+00  0.33459819000E+00  0.33376466000E+00  0.33274186000E+00
   0.33173283000E+00  0.33087281000E+00  0.32994618000E+00  0.32903773000E+00
   0.32818053000E+00  0.32749913000E+00  0.32695982000E+00  0.32645004000E+00
   0.32585603000E+00  0.32547056000E+00  0.32509855000E+00  0.32477067000E+00
   0.32437637000E+00  0.32413109000E+00  0.32410288000E+00  0.32399747000E+00
   0.32389334000E+00  0.32391422000E+00  0.32399819000E+00  0.32403436000E+00
   0.32398853000E+00  0.32405754000E+00  0.32403865000E+00  0.32381987000E+00
   0.32366431000E+00  0.32352296000E+00  0.32332442000E+00  0.32297612000E+00
   0.32264627000E+00  0.32534445000E+00  0.32488169000E+00  0.32420971000E+00
   0.32377129000E+00  0.32342347000E+00  0.32289186000E+00  0.32218382000E+00
   0.32168652000E+00  0.32131541000E+00  0.32070456000E+00  0.32004433000E+00
   0.31946706000E+00  0.31894839000E+00  0.31841136000E+00  0.31773840000E+00
   0.31728707000E+00  0.31693671000E+00  0.31661828000E+00  0.31622716000E+00
   0.31600288000E+00  0.31589799000E+00  0.31576820000E+00  0.31550452000E+00
   0.31530959000E+00  0.31513355000E+00  0.31493499000E+00  0.31473415000E+00
   0.31454498000E+00  0.31435421000E+00  0.31416109000E+00  0.31397043000E+00
   0.31378133000E+00  0.31359220000E+00  0.31340380000E+00  0.31321657000E+00
   0.31302994000E+00  0.31284401000E+00  0.31265895000E+00  0.31247462000E+00
 'END' 
 LOAD AG2      ;
   0.00000000000E+00  0.00000000000E+00 -0.76681550000E-01 -0.75395790000E-01
  -0.74115600000E-01 -0.72840970000E-01 -0.71725030000E-01 -0.70767390000E-01
  -0.69814700000E-01 -0.68866950000E-01 -0.68050950000E-01 -0.67365820000E-01
  -0.66684240000E-01 -0.66006240000E-01 -0.65383490000E-01 -0.64815780000E-01
  -0.64251080000E-01 -0.63689360000E-01 -0.63278530000E-01 -0.63017400000E-01
  -0.62757740000E-01 -0.62499520000E-01 -0.62580340000E-01 -0.62997270000E-01
  -0.63411860000E-01 -0.63824100000E-01 -0.64630070000E-01 -0.65824910000E-01
  -0.67011130000E-01 -0.68188720000E-01 -0.69234960000E-01 -0.70151890000E-01
  -0.71062980000E-01 -0.71968290000E-01 -0.72833820000E-01 -0.73659860000E-01
  -0.74480630000E-01 -0.75296150000E-01 -0.76020510000E-01 -0.76654770000E-01
  -0.77285240000E-01 -0.77912000000E-01 -0.79419410000E-01 -0.81793260000E-01
  -0.84144720000E-01 -0.86474070000E-01 -0.88441360000E-01 -0.90052840000E-01
  -0.91650770000E-01 -0.93235450000E-01 -0.94779020000E-01 -0.96282170000E-01
  -0.97773170000E-01 -0.99252080000E-01 -0.10065987000E+00 -0.10199735000E+00
  -0.10332428000E+00 -0.10464072000E+00 -0.10591296000E+00 -0.10714107000E+00
  -0.10835892000E+00 -0.10956668000E+00 -0.11066594000E+00 -0.11165799000E+00
  -0.11264191000E+00 -0.11361764000E+00 -0.11435953000E+00 -0.11487042000E+00
  -0.11537712000E+00 -0.11587963000E+00 -0.11661865000E+00 -0.11759031000E+00
  -0.11855303000E+00 -0.11950699000E+00 -0.12053813000E+00 -0.12164504000E+00
  -0.12274142000E+00 -0.12382738000E+00 -0.12503024000E+00 -0.12634828000E+00
  -0.12765397000E+00 -0.12894750000E+00 -0.12949473000E+00 -0.12930598000E+00
  -0.12911908000E+00 -0.12893398000E+00 -0.12900128000E+00 -0.12931745000E+00
  -0.12963059000E+00 -0.12994085000E+00 -0.13019377000E+00 -0.13039024000E+00
  -0.13058486000E+00 -0.13077762000E+00 -0.13091916000E+00 -0.13101023000E+00
  -0.13110050000E+00 -0.13118988000E+00 -0.13119915000E+00 -0.13112943000E+00
  -0.13106037000E+00 -0.13099194000E+00 -0.13077483000E+00 -0.13041104000E+00
  -0.13005063000E+00 -0.12969356000E+00 -0.12928506000E+00 -0.12882582000E+00
  -0.12837072000E+00 -0.12791962000E+00 -0.12739184000E+00 -0.12678823000E+00
  -0.12618993000E+00 -0.12591901000E+00 -0.12541838000E+00 -0.12463105000E+00
  -0.12385076000E+00 -0.12301317000E+00 -0.12227267000E+00 -0.12130110000E+00
  -0.12023288000E+00 -0.11904169000E+00 -0.11823131000E+00 -0.11680922000E+00
  -0.11554991000E+00 -0.11439369000E+00 -0.11316992000E+00 -0.11167889000E+00
  -0.11027234000E+00 -0.10900928000E+00 -0.10794579000E+00 -0.10669244000E+00
  -0.10549702000E+00 -0.10432349000E+00 -0.10346458000E+00 -0.10236290000E+00
  -0.10136651000E+00 -0.10051433000E+00 -0.99963650000E-01 -0.99042140000E-01
  -0.98379730000E-01 -0.97713600000E-01 -0.97136960000E-01 -0.96329230000E-01
  -0.95595230000E-01 -0.94949830000E-01 -0.94166720000E-01 -0.93076630000E-01
  -0.92143600000E-01 -0.91378930000E-01 -0.90643450000E-01 -0.89721540000E-01
  -0.88947360000E-01 -0.88079460000E-01 -0.86937940000E-01 -0.85865380000E-01
  -0.84903730000E-01 -0.84023690000E-01 -0.83176590000E-01 -0.82187950000E-01
  -0.81503040000E-01 -0.80982910000E-01 -0.80478350000E-01 -0.79956320000E-01
  -0.79589610000E-01 -0.79405120000E-01 -0.79204140000E-01 -0.78924640000E-01
  -0.78659850000E-01 -0.78331420000E-01 -0.77966510000E-01 -0.77556160000E-01
  -0.77127560000E-01 -0.76844780000E-01 -0.76606810000E-01 -0.76354430000E-01
  -0.75995040000E-01 -0.75748610000E-01 -0.75448950000E-01 -0.75037910000E-01
  -0.74532230000E-01 -0.74124070000E-01 -0.73870210000E-01 -0.73516360000E-01
  -0.73143280000E-01 -0.72859510000E-01 -0.72674630000E-01 -0.72023010000E-01
  -0.71311340000E-01 -0.70852850000E-01 -0.70383650000E-01 -0.69727570000E-01
  -0.69359200000E-01 -0.71523080000E-01 -0.71353530000E-01 -0.71095530000E-01
  -0.70979350000E-01 -0.70987530000E-01 -0.70983580000E-01 -0.70922390000E-01
  -0.70926480000E-01 -0.70959760000E-01 -0.70555360000E-01 -0.69325020000E-01
  -0.67834450000E-01 -0.66682970000E-01 -0.65542540000E-01 -0.64416790000E-01
  -0.63469820000E-01 -0.62633800000E-01 -0.59786530000E-01 -0.58891220000E-01
  -0.59786530000E-01 -0.58891220000E-01 -0.57955280000E-01 -0.56720370000E-01
  -0.55539190000E-01 -0.54613400000E-01 -0.53689490000E-01 -0.52425610000E-01
  -0.51228630000E-01 -0.50244100000E-01 -0.49215310000E-01 -0.47983630000E-01
  -0.46886280000E-01 -0.45941400000E-01 -0.44913040000E-01 -0.43805030000E-01
  -0.42962330000E-01 -0.42192910000E-01 -0.41256430000E-01 -0.40085020000E-01
  -0.38947360000E-01 -0.36288380000E-01 -0.35198650000E-01 -0.33852640000E-01
  -0.32647440000E-01 -0.31594160000E-01 -0.32647440000E-01 -0.31594160000E-01
  -0.27639860000E-01 -0.26551030000E-01 -0.25683570000E-01 -0.25031680000E-01
  -0.24802040000E-01 -0.24531170000E-01 -0.23948390000E-01 -0.23104700000E-01
  -0.22422360000E-01 -0.21876030000E-01 -0.21127990000E-01 -0.20283730000E-01
  -0.19547430000E-01 -0.18810840000E-01 -0.17917940000E-01 -0.16847350000E-01
  -0.15893450000E-01 -0.15028550000E-01 -0.14036630000E-01 -0.12887280000E-01
  -0.11924100000E-01 -0.11163880000E-01 -0.10327410000E-01 -0.93257400000E-02
  -0.85298400000E-02 -0.78308000000E-02 -0.71370900000E-02 -0.64787000000E-02
  -0.58416400000E-02 -0.53047000000E-02 -0.47658200000E-02 -0.43047300000E-02
  -0.39271600000E-02 -0.23687700000E-02 -0.21623400000E-02 -0.21196800000E-02
  -0.21374400000E-02 -0.22197300000E-02 -0.24598800000E-02 -0.30415300000E-02
  -0.36918100000E-02 -0.43543900000E-02 -0.50378500000E-02 -0.59454100000E-02
  -0.68085700000E-02 -0.77015900000E-02 -0.86773800000E-02 -0.97886200000E-02
  -0.10791350000E-01 -0.11690120000E-01 -0.12379020000E-01 -0.12976800000E-01
  -0.13494010000E-01 -0.13935060000E-01 -0.14282040000E-01 -0.14647900000E-01
  -0.15006930000E-01 -0.15372610000E-01 -0.15730900000E-01 -0.16087310000E-01
  -0.16445220000E-01 -0.16800210000E-01 -0.17153570000E-01 -0.17505560000E-01
  -0.17856400000E-01 -0.18205490000E-01 -0.18553180000E-01 -0.18899470000E-01
  -0.19244310000E-01 -0.19587720000E-01 -0.19929700000E-01 -0.20270260000E-01
 'END' 
 LOAD AG3      ;
   0.00000000000E+00  0.00000000000E+00 -0.89606850000E-01 -0.88002030000E-01
  -0.86404200000E-01 -0.84813260000E-01 -0.83303150000E-01 -0.81874250000E-01
  -0.80452760000E-01 -0.79038640000E-01 -0.77735270000E-01 -0.76542040000E-01
  -0.75355010000E-01 -0.74174200000E-01 -0.73098850000E-01 -0.72128400000E-01
  -0.71163090000E-01 -0.70202900000E-01 -0.69395210000E-01 -0.68738930000E-01
  -0.68086340000E-01 -0.67437380000E-01 -0.67057060000E-01 -0.66943120000E-01
  -0.66829830000E-01 -0.66717140000E-01 -0.66982280000E-01 -0.67621190000E-01
  -0.68255460000E-01 -0.68885140000E-01 -0.69414450000E-01 -0.69844720000E-01
  -0.70272250000E-01 -0.70697110000E-01 -0.71092450000E-01 -0.71458470000E-01
  -0.71822160000E-01 -0.72183510000E-01 -0.72561480000E-01 -0.72956000000E-01
  -0.73348150000E-01 -0.73738000000E-01 -0.75093780000E-01 -0.77400700000E-01
  -0.79685840000E-01 -0.81949540000E-01 -0.83865430000E-01 -0.85439490000E-01
  -0.87000420000E-01 -0.88548330000E-01 -0.90090000000E-01 -0.91625690000E-01
  -0.93148970000E-01 -0.94659900000E-01 -0.96123040000E-01 -0.97539010000E-01
  -0.98943830000E-01 -0.10033754000E+00 -0.10169355000E+00 -0.10301178000E+00
  -0.10431902000E+00 -0.10561545000E+00 -0.10683938000E+00 -0.10799178000E+00
  -0.10913466000E+00 -0.11026804000E+00 -0.11114922000E+00 -0.11178121000E+00
  -0.11240802000E+00 -0.11302968000E+00 -0.11380061000E+00 -0.11471810000E+00
  -0.11562715000E+00 -0.11652794000E+00 -0.11747277000E+00 -0.11846072000E+00
  -0.11943934000E+00 -0.12040858000E+00 -0.12143516000E+00 -0.12251822000E+00
  -0.12359109000E+00 -0.12465396000E+00 -0.12495133000E+00 -0.12449389000E+00
  -0.12404088000E+00 -0.12359219000E+00 -0.12332104000E+00 -0.12322490000E+00
  -0.12312976000E+00 -0.12303547000E+00 -0.12290427000E+00 -0.12273684000E+00
  -0.12257095000E+00 -0.12240668000E+00 -0.12216052000E+00 -0.12183371000E+00
  -0.12150996000E+00 -0.12118916000E+00 -0.12082688000E+00 -0.12042369000E+00
  -0.12002434000E+00 -0.11962867000E+00 -0.11915609000E+00 -0.11860765000E+00
  -0.11806429000E+00 -0.11752593000E+00 -0.11684980000E+00 -0.11603768000E+00
  -0.11523284000E+00 -0.11443518000E+00 -0.11362632000E+00 -0.11280636000E+00
  -0.11199356000E+00 -0.11178137000E+00 -0.11083468000E+00 -0.10959293000E+00
  -0.10855264000E+00 -0.10757914000E+00 -0.10629319000E+00 -0.10475812000E+00
  -0.10327717000E+00 -0.10175555000E+00 -0.10037366000E+00 -0.98336610000E-01
  -0.96569740000E-01 -0.95072480000E-01 -0.93187320000E-01 -0.91011230000E-01
  -0.89049270000E-01 -0.87365600000E-01 -0.85701550000E-01 -0.83783700000E-01
  -0.82070260000E-01 -0.80615810000E-01 -0.79006480000E-01 -0.77161480000E-01
  -0.75590000000E-01 -0.74364770000E-01 -0.72902070000E-01 -0.71071130000E-01
  -0.69633950000E-01 -0.68304180000E-01 -0.66545250000E-01 -0.64590470000E-01
  -0.62797280000E-01 -0.61352640000E-01 -0.59639410000E-01 -0.57572270000E-01
  -0.55800020000E-01 -0.54354380000E-01 -0.52483570000E-01 -0.50416520000E-01
  -0.48676630000E-01 -0.46754050000E-01 -0.44660560000E-01 -0.42689310000E-01
  -0.41007440000E-01 -0.39440080000E-01 -0.37805410000E-01 -0.36097380000E-01
  -0.34926920000E-01 -0.33819190000E-01 -0.32569100000E-01 -0.31345680000E-01
  -0.30446380000E-01 -0.29800090000E-01 -0.28930580000E-01 -0.28012530000E-01
  -0.27417670000E-01 -0.26749450000E-01 -0.25953250000E-01 -0.25209690000E-01
  -0.24630230000E-01 -0.24198140000E-01 -0.23629650000E-01 -0.23081170000E-01
  -0.22647990000E-01 -0.22332240000E-01 -0.21837720000E-01 -0.21298720000E-01
  -0.20970100000E-01 -0.20727290000E-01 -0.20566950000E-01 -0.20414130000E-01
  -0.20585010000E-01 -0.20905140000E-01 -0.21292070000E-01 -0.21600550000E-01
  -0.21984460000E-01 -0.22478030000E-01 -0.22889190000E-01 -0.23245920000E-01
  -0.23767030000E-01 -0.27934680000E-01 -0.28178240000E-01 -0.28327820000E-01
  -0.28752850000E-01 -0.29299600000E-01 -0.29728710000E-01 -0.30064310000E-01
  -0.30648280000E-01 -0.31280760000E-01 -0.31704630000E-01 -0.31852130000E-01
  -0.32201410000E-01 -0.32630300000E-01 -0.32702790000E-01 -0.32701190000E-01
  -0.33046120000E-01 -0.33257170000E-01 -0.33249460000E-01 -0.33494490000E-01
  -0.33249460000E-01 -0.33494490000E-01 -0.33472180000E-01 -0.33193050000E-01
  -0.33090740000E-01 -0.33064020000E-01 -0.32855390000E-01 -0.32373500000E-01
  -0.32121430000E-01 -0.31978130000E-01 -0.31571530000E-01 -0.30878820000E-01
  -0.30498370000E-01 -0.30107510000E-01 -0.29472730000E-01 -0.28487630000E-01
  -0.27636740000E-01 -0.26977700000E-01 -0.26216790000E-01 -0.25345250000E-01
  -0.24739650000E-01 -0.25417400000E-01 -0.24664900000E-01 -0.23677850000E-01
  -0.22985900000E-01 -0.22403030000E-01 -0.22985900000E-01 -0.22403030000E-01
  -0.19936820000E-01 -0.19302090000E-01 -0.18136460000E-01 -0.16372160000E-01
  -0.14726110000E-01 -0.13286470000E-01 -0.11664430000E-01 -0.98767100000E-02
  -0.84071600000E-02 -0.71124700000E-02 -0.56709600000E-02 -0.39177100000E-02
  -0.25698700000E-02 -0.13394500000E-02  0.24620000000E-03  0.21995100000E-02
   0.38019800000E-02  0.52034500000E-02  0.68704500000E-02  0.88464300000E-02
   0.10456720000E-01  0.11907670000E-01  0.13724370000E-01  0.15744680000E-01
   0.17432060000E-01  0.19046190000E-01  0.20838970000E-01  0.22835870000E-01
   0.24554520000E-01  0.26034090000E-01  0.27720700000E-01  0.29614410000E-01
   0.31222980000E-01  0.26810580000E-01  0.28166760000E-01  0.29630070000E-01
   0.30726420000E-01  0.31852490000E-01  0.33176170000E-01  0.34262010000E-01
   0.35114030000E-01  0.35864020000E-01  0.36846780000E-01  0.37969570000E-01
   0.38830850000E-01  0.39604690000E-01  0.40602500000E-01  0.41656250000E-01
   0.42479500000E-01  0.43151420000E-01  0.44232630000E-01  0.45721000000E-01
   0.47065740000E-01  0.48231290000E-01  0.49620790000E-01  0.51224410000E-01
   0.52631910000E-01  0.54031320000E-01  0.55479630000E-01  0.56914800000E-01
   0.58322290000E-01  0.59733910000E-01  0.61144150000E-01  0.62543830000E-01
   0.63937120000E-01  0.65326480000E-01  0.66709760000E-01  0.68086670000E-01
   0.69458140000E-01  0.70824090000E-01  0.72184280000E-01  0.73538820000E-01
 'END' 
 END;
